List<String> skills = [
  'Acting',
  'Animals',
  'Archeology',
  'Architecture',
  'Art',
  'Backpacking',
  'Bird watching',
  'Calligraphy',
  'Camping',
  'Cinema',
  'Climbing',
  'Clubbing',
  'Cocktails',
  'Comics',
  'Computer Science',
  'Cooking',
  'Crochet',
  'Culture Exchange',
  'Cycling',
  'Dancing',
  'Design',
  'Drawing',
  'Embroidery',
  'Engineering',
  'Entomology',
  'Entrepreneurship',
  'Fashion',
  'Fencing',
  'Fishing',
  'Football',
  'Gardening',
  'Geology',
  'Golf',
  'Guitar',
  'Gym',
  'Hiking',
  'History',
  'Horse Riding',
  'Hunting',
  'Jewellery making',
  'Jogging',
  'Kayaking',
  'Knitting',
  'Language Exchange',
  'Literature',
  'Maths',
  'Motorbikes',
  'Movies',
  'Museums',
  'Music',
  'Nature',
  'Painting',
  'Photography',
  'Piano',
  'Politics',
  'Psychology',
  'Reading',
  'Role-playing',
  'Running',
  'Sailing',
  'Science',
  'Shooting',
  'Skiing',
  'Smiting',
  'Socializing',
  'Spirituality',
  'Sport',
  'Sustainability',
  'Swimming',
  'Taxidermy',
  'Theatre',
  'Translation',
  'Traveling',
  'Video Editing',
  'Volunteering',
  'Walking',
  'Wood carving',
  'Yoga'
];
List<String> genders = ["Male", "Female", "Other"];
List<List<double>> skillSimilarity = [
  [
    1.0,
    0.3170991539955139,
    0.42522311210632324,
    0.5513865947723389,
    0.24940936267375946,
    0.35250890254974365,
    0.11450186371803284,
    0.45145297050476074,
    0.20100481808185577,
    0.2664842903614044,
    0.14096948504447937,
    0.09619864821434021,
    -0.0061723217368125916,
    0.22013762593269348,
    0.36263662576675415,
    0.5086086392402649,
    0.2217632383108139,
    0.5324478149414062,
    0.4841986298561096,
    0.38974815607070923,
    0.4017409384250641,
    0.4737011790275574,
    0.030723735690116882,
    0.5964791774749756,
    0.49997198581695557,
    0.45856642723083496,
    0.27701663970947266,
    0.3344760537147522,
    0.5068100094795227,
    0.18588846921920776,
    0.4091907739639282,
    0.4715372622013092,
    0.059431497007608414,
    0.23306559026241302,
    0.15182781219482422,
    0.29156243801116943,
    0.42616620659828186,
    0.14199119806289673,
    0.6267336010932922,
    0.04382040351629257,
    0.3501296639442444,
    0.5377459526062012,
    0.4189969003200531,
    0.46196994185447693,
    0.532571017742157,
    0.2759527266025543,
    0.18548698723316193,
    0.17420943081378937,
    0.2294781655073166,
    0.2857397198677063,
    0.4130796790122986,
    0.6430183053016663,
    0.5100833773612976,
    0.22606058418750763,
    0.49487218260765076,
    0.5057399272918701,
    0.5710507035255432,
    0.43792852759361267,
    0.5647943615913391,
    0.33516615629196167,
    0.5070706009864807,
    0.6168004870414734,
    -0.0580582320690155,
    0.0,
    0.480815052986145,
    0.36904460191726685,
    0.22359512746334076,
    0.6166631579399109,
    0.4180056154727936,
    -0.10001911222934723,
    0.2989603281021118,
    0.5651422739028931,
    0.35210591554641724,
    0.25545430183410645,
    0.5411152243614197,
    0.4304012954235077,
    0.18101884424686432,
    0.20334455370903015
  ],
  [
    0.3170991539955139,
    1.0,
    0.2943846881389618,
    0.27297258377075195,
    0.27478930354118347,
    0.14147193729877472,
    0.45365220308303833,
    0.4556595981121063,
    0.2061527669429779,
    0.18799114227294922,
    0.11474797129631042,
    0.020650263875722885,
    0.06615644693374634,
    0.2679722309112549,
    0.25701653957366943,
    0.3444429934024811,
    0.2612367272377014,
    0.40266549587249756,
    0.24650311470031738,
    0.32578521966934204,
    0.270850270986557,
    0.37840747833251953,
    0.0859781801700592,
    0.24903738498687744,
    0.4820815324783325,
    0.168350487947464,
    0.23376913368701935,
    0.16154047846794128,
    0.4126571714878082,
    0.07993830740451813,
    0.3397981822490692,
    0.28640374541282654,
    0.03747532516717911,
    0.16516196727752686,
    0.11768332123756409,
    0.19981379806995392,
    0.34063994884490967,
    0.38148295879364014,
    0.4787454903125763,
    0.08355793356895447,
    0.12926408648490906,
    0.27644190192222595,
    0.22329238057136536,
    0.33213451504707336,
    0.3721064329147339,
    0.1922374665737152,
    0.2236255556344986,
    0.29283568263053894,
    0.30573219060897827,
    0.25920629501342773,
    0.5444622039794922,
    0.4268353581428528,
    0.3873752951622009,
    0.14783574640750885,
    0.3371637463569641,
    0.3638160228729248,
    0.3333788812160492,
    0.31822720170021057,
    0.32469138503074646,
    0.07158448547124863,
    0.3628472089767456,
    0.3155941665172577,
    -0.029622064903378487,
    0.0,
    0.300592303276062,
    0.2819642722606659,
    0.1465822458267212,
    0.34051087498664856,
    0.2894691824913025,
    0.3259423077106476,
    0.1703307330608368,
    0.35451123118400574,
    0.15490034222602844,
    0.27676695585250854,
    0.2933683395385742,
    0.385322630405426,
    0.20584052801132202,
    0.20864734053611755
  ],
  [
    0.42522311210632324,
    0.2943846881389618,
    1.0,
    0.7035214304924011,
    0.47954583168029785,
    0.06373901665210724,
    0.20073415338993073,
    0.5290706753730774,
    0.13890743255615234,
    0.33168962597846985,
    0.060001686215400696,
    -0.04915720596909523,
    -0.04069609194993973,
    0.3015226423740387,
    0.37273067235946655,
    0.2712295651435852,
    0.16988345980644226,
    0.6833698153495789,
    0.32809823751449585,
    0.19055406749248505,
    0.4323762059211731,
    0.3808120787143707,
    0.07561694830656052,
    0.5941822528839111,
    0.7164120674133301,
    0.36875733733177185,
    0.2591681182384491,
    0.15778490900993347,
    0.3203509449958801,
    0.22996938228607178,
    0.31128937005996704,
    0.8177072405815125,
    0.16027598083019257,
    0.16492044925689697,
    0.06167479604482651,
    0.2084961086511612,
    0.7565353512763977,
    0.15253832936286926,
    0.3897480070590973,
    0.23562774062156677,
    0.1684863120317459,
    0.28939175605773926,
    0.17529094219207764,
    0.529461681842804,
    0.7086299061775208,
    0.34510043263435364,
    0.16070233285427094,
    0.14245814085006714,
    0.612154483795166,
    0.36754825711250305,
    0.5549700856208801,
    0.51947420835495,
    0.5961430668830872,
    0.19465535879135132,
    0.5612125396728516,
    0.6406866908073425,
    0.4545881748199463,
    0.22794048488140106,
    0.2955167889595032,
    0.17916907370090485,
    0.6620115637779236,
    0.29082468152046204,
    0.0005003896658308804,
    0.0,
    0.41857585310935974,
    0.3400289714336395,
    0.28251534700393677,
    0.4327954947948456,
    0.24782289564609528,
    0.2001909613609314,
    0.34232184290885925,
    0.5903493165969849,
    0.19182908535003662,
    0.16395722329616547,
    0.35195091366767883,
    0.22980856895446777,
    0.20627130568027496,
    0.22553318738937378
  ],
  [
    0.5513865947723389,
    0.27297258377075195,
    0.7035214304924011,
    1.0,
    0.5474947690963745,
    0.18775053322315216,
    0.13279661536216736,
    0.642376720905304,
    0.12509652972221375,
    0.39542287588119507,
    0.07586609572172165,
    -0.06381077319383621,
    0.04243073612451553,
    0.3026663064956665,
    0.5327351689338684,
    0.38932567834854126,
    0.35531434416770935,
    0.6943286657333374,
    0.4031985402107239,
    0.2691265046596527,
    0.7590363025665283,
    0.5445677638053894,
    0.20114514231681824,
    0.7585203051567078,
    0.6676070094108582,
    0.5215401649475098,
    0.4151262640953064,
    0.3033924996852875,
    0.34931665658950806,
    0.21916161477565765,
    0.420969158411026,
    0.6470751166343689,
    0.17253102362155914,
    0.24732445180416107,
    0.1408763825893402,
    0.20991171896457672,
    0.6623648405075073,
    0.11418376117944717,
    0.4496634900569916,
    0.2499898374080658,
    0.18360058963298798,
    0.3783244788646698,
    0.3112368583679199,
    0.5817248225212097,
    0.7203821539878845,
    0.36280378699302673,
    0.23871757090091705,
    0.1605181246995926,
    0.5167965888977051,
    0.39679136872291565,
    0.5651877522468567,
    0.6960439682006836,
    0.7008090615272522,
    0.2985856533050537,
    0.5454373359680176,
    0.6200043559074402,
    0.516197919845581,
    0.3228817880153656,
    0.40211910009384155,
    0.24418644607067108,
    0.6684140563011169,
    0.39894771575927734,
    0.005454993341118097,
    0.0,
    0.47068655490875244,
    0.39466047286987305,
    0.3144814968109131,
    0.644833505153656,
    0.3155444860458374,
    0.006932229269295931,
    0.3728923499584198,
    0.6656917929649353,
    0.23791198432445526,
    0.2577193081378937,
    0.3993101119995117,
    0.27181437611579895,
    0.2398456335067749,
    0.24676521122455597
  ],
  [
    0.24940936267375946,
    0.27478930354118347,
    0.47954583168029785,
    0.5474947690963745,
    1.0,
    -0.08607280254364014,
    0.24389421939849854,
    0.5706769227981567,
    -0.10572832077741623,
    0.46569016575813293,
    -0.10560282319784164,
    -0.07670003920793533,
    0.04826682060956955,
    0.3232056498527527,
    0.32238033413887024,
    0.21204084157943726,
    0.28443676233291626,
    0.540764570236206,
    0.14717049896717072,
    0.23069804906845093,
    0.5727310180664062,
    0.43412238359451294,
    0.20410697162151337,
    0.2816496193408966,
    0.3138567805290222,
    0.13648979365825653,
    0.4952898621559143,
    0.024219458922743797,
    0.16112932562828064,
    0.19218765199184418,
    0.12039317190647125,
    0.3416912853717804,
    0.1986752152442932,
    0.30188921093940735,
    0.1586449295282364,
    -0.035619378089904785,
    0.49645110964775085,
    0.22475898265838623,
    0.1620328277349472,
    0.3118695616722107,
    -0.15292611718177795,
    0.017535896971821785,
    0.0762702226638794,
    0.3735460937023163,
    0.47188782691955566,
    0.31869199872016907,
    0.1991429626941681,
    0.22318698465824127,
    0.5846746563911438,
    0.5382311940193176,
    0.3528136909008026,
    0.5408430099487305,
    0.6192198991775513,
    0.3626803159713745,
    0.37879541516304016,
    0.3867639899253845,
    0.2981858551502228,
    0.19878678023815155,
    0.13314715027809143,
    -0.005295619368553162,
    0.408873975276947,
    0.1854591816663742,
    -0.04803008213639259,
    0.0,
    0.2904774844646454,
    0.10015225410461426,
    0.23233789205551147,
    0.17156432569026947,
    0.17041222751140594,
    0.011872201226651669,
    0.46705883741378784,
    0.3480455279350281,
    -0.015398534014821053,
    0.24805887043476105,
    0.05573694780468941,
    0.16169649362564087,
    0.26088452339172363,
    0.29399609565734863
  ],
  [
    0.35250890254974365,
    0.14147193729877472,
    0.06373901665210724,
    0.18775053322315216,
    -0.08607280254364014,
    1.0,
    -0.11859730631113052,
    0.20825208723545074,
    0.5733713507652283,
    0.0006685729022137821,
    0.4101027548313141,
    0.4143822491168976,
    0.30458539724349976,
    -0.06164830923080444,
    0.12022095173597336,
    0.5515942573547363,
    0.2721197009086609,
    0.07020572572946548,
    0.44526761770248413,
    0.13195334374904633,
    0.15631809830665588,
    0.3033352196216583,
    0.31007999181747437,
    0.2723662555217743,
    0.18291953206062317,
    0.2847074568271637,
    0.13461849093437195,
    0.529202401638031,
    0.42391476035118103,
    -0.0033575419802218676,
    0.596938967704773,
    0.13031548261642456,
    -0.04987318068742752,
    -0.01856975071132183,
    -0.027681810781359673,
    0.5157414078712463,
    0.015508969314396381,
    -0.07518000155687332,
    0.4545518159866333,
    0.27691298723220825,
    0.5305730700492859,
    0.5563315153121948,
    0.6551583409309387,
    0.05994432792067528,
    0.16641086339950562,
    -0.025597253814339638,
    0.14259016513824463,
    -0.01540454663336277,
    0.03823400288820267,
    -0.09484440833330154,
    0.1815420389175415,
    0.3626135289669037,
    0.15281209349632263,
    -0.05076627433300018,
    0.05424068123102188,
    0.0742572769522667,
    0.28696775436401367,
    -0.016695450991392136,
    0.4412272572517395,
    0.46513670682907104,
    0.06490325927734375,
    0.40548792481422424,
    0.13497978448867798,
    0.0,
    0.0789685845375061,
    0.283973753452301,
    -0.005647019017487764,
    0.32744714617729187,
    0.30426472425460815,
    0.11489685624837875,
    -0.12635330855846405,
    0.11023249477148056,
    0.5705773830413818,
    -0.011330243200063705,
    0.4518776834011078,
    0.3549817204475403,
    -0.011546198278665543,
    0.03698095679283142
  ],
  [
    0.11450186371803284,
    0.45365220308303833,
    0.20073415338993073,
    0.13279661536216736,
    0.24389421939849854,
    -0.11859730631113052,
    1.0,
    0.3103816509246826,
    -0.0019682366400957108,
    0.14166495203971863,
    0.021967943757772446,
    -0.13975058495998383,
    -0.03208174556493759,
    0.21509923040866852,
    0.1379072368144989,
    0.1461576372385025,
    0.16600298881530762,
    0.15745100378990173,
    0.11197172850370407,
    0.2801515460014343,
    0.17006690800189972,
    0.22270004451274872,
    0.021153295412659645,
    0.08583913743495941,
    0.21720845997333527,
    0.019077269360423088,
    0.1421041339635849,
    -0.00685733649879694,
    0.30982649326324463,
    0.11653559654951096,
    0.09374131262302399,
    0.15463906526565552,
    0.18863388895988464,
    0.26707178354263306,
    0.12691272795200348,
    0.05861774832010269,
    0.2110416144132614,
    0.40873318910598755,
    0.3129867911338806,
    0.02336980774998665,
    -0.0165688656270504,
    0.056297868490219116,
    -0.002932401839643717,
    0.12167566269636154,
    0.10798756778240204,
    0.1713855266571045,
    0.17310722172260284,
    0.20501118898391724,
    0.19866430759429932,
    0.3133905827999115,
    0.36100107431411743,
    0.23897506296634674,
    0.30917084217071533,
    0.26761594414711,
    0.11645719408988953,
    0.07365381717681885,
    0.1662806123495102,
    0.1486293524503708,
    0.16648422181606293,
    -0.025650931522250175,
    0.10771353542804718,
    0.17222191393375397,
    -0.011656255461275578,
    0.0,
    0.032758165150880814,
    -0.03836528956890106,
    0.09492705017328262,
    0.04245256632566452,
    0.17655643820762634,
    0.24049291014671326,
    0.22737325727939606,
    0.18282374739646912,
    -0.06359129399061203,
    0.19509750604629517,
    0.011521846055984497,
    0.2565743923187256,
    0.40724945068359375,
    0.15808574855327606
  ],
  [
    0.45145297050476074,
    0.4556595981121063,
    0.5290706753730774,
    0.642376720905304,
    0.5706769227981567,
    0.20825208723545074,
    0.3103816509246826,
    1.0,
    0.15733493864536285,
    0.3805779218673706,
    0.11887654662132263,
    0.05879417806863785,
    0.10102061927318573,
    0.3484569489955902,
    0.3255801498889923,
    0.4646758437156677,
    0.4701074957847595,
    0.5341153144836426,
    0.3564130663871765,
    0.3378889560699463,
    0.5116099715232849,
    0.6891449093818665,
    0.3268834352493286,
    0.43262821435928345,
    0.4395064115524292,
    0.31305018067359924,
    0.39238494634628296,
    0.303168386220932,
    0.45349928736686707,
    0.1201644241809845,
    0.44794759154319763,
    0.444426953792572,
    0.08104553073644638,
    0.29243773221969604,
    0.15367081761360168,
    0.22919590771198273,
    0.5423297882080078,
    0.3012954890727997,
    0.5131163597106934,
    0.370360791683197,
    0.16085340082645416,
    0.37889930605888367,
    0.34474435448646545,
    0.41383758187294006,
    0.5918381214141846,
    0.23359116911888123,
    0.2972394824028015,
    0.32370251417160034,
    0.525253176689148,
    0.33671674132347107,
    0.5209673643112183,
    0.8773199915885925,
    0.6878165602684021,
    0.38821762800216675,
    0.4143185615539551,
    0.42241108417510986,
    0.4654715955257416,
    0.24532967805862427,
    0.41095900535583496,
    0.26049789786338806,
    0.4023207426071167,
    0.42135101556777954,
    -0.02359144203364849,
    0.0,
    0.31979116797447205,
    0.40491724014282227,
    0.1776728481054306,
    0.4028487205505371,
    0.36376315355300903,
    0.0898701548576355,
    0.33210647106170654,
    0.5400843620300293,
    0.2647623121738434,
    0.2510688304901123,
    0.3375667333602905,
    0.3673042058944702,
    0.3691302537918091,
    0.2538079023361206
  ],
  [
    0.20100481808185577,
    0.2061527669429779,
    0.13890743255615234,
    0.12509652972221375,
    -0.10572832077741623,
    0.5733713507652283,
    -0.0019682366400957108,
    0.15733493864536285,
    1.0,
    0.00011021140380762517,
    0.6018314957618713,
    0.2674528658390045,
    0.2945358455181122,
    -0.09962458163499832,
    -0.027918396517634392,
    0.47481676936149597,
    0.12480415403842926,
    0.10270928591489792,
    0.4488144516944885,
    0.1439817249774933,
    0.05302879214286804,
    0.2119588702917099,
    0.17625167965888977,
    0.15998344123363495,
    0.19544492661952972,
    0.27718856930732727,
    0.05122227594256401,
    0.509935200214386,
    0.5403948426246643,
    0.07596650719642639,
    0.6340493559837341,
    0.166347935795784,
    0.17362254858016968,
    -0.03499961271882057,
    0.058744583278894424,
    0.8104234933853149,
    0.036236584186553955,
    0.05559651553630829,
    0.5002466440200806,
    0.1548561006784439,
    0.5274109244346619,
    0.6881843209266663,
    0.5017551779747009,
    0.03273630142211914,
    0.12749536335468292,
    -0.007345631252974272,
    0.21809618175029755,
    0.041291337460279465,
    0.1339143067598343,
    -0.06444849818944931,
    0.23250404000282288,
    0.2476418912410736,
    0.16562004387378693,
    -0.051906291395425797,
    0.03151877969503403,
    0.03716626018285751,
    0.25894173979759216,
    -0.06326781213283539,
    0.42179569602012634,
    0.5046189427375793,
    0.06415098160505295,
    0.37742820382118225,
    0.4954867362976074,
    0.0,
    0.06336849182844162,
    0.24869391322135925,
    0.10719554126262665,
    0.22482115030288696,
    0.441560834646225,
    0.17667195200920105,
    -0.0393633134663105,
    -0.015317969024181366,
    0.6566705107688904,
    -0.05419519543647766,
    0.4882751703262329,
    0.4264938533306122,
    0.028636880218982697,
    0.16771169006824493
  ],
  [
    0.2664842903614044,
    0.18799114227294922,
    0.33168962597846985,
    0.39542287588119507,
    0.46569016575813293,
    0.0006685729022137821,
    0.14166495203971863,
    0.3805779218673706,
    0.00011021140380762517,
    1.0,
    -0.015573449432849884,
    -0.09954487532377243,
    0.08418606221675873,
    0.39943376183509827,
    0.2494664490222931,
    0.2362271100282669,
    0.2219545543193817,
    0.4875190854072571,
    0.269206702709198,
    0.34326210618019104,
    0.34968361258506775,
    0.2788871228694916,
    0.10762282460927963,
    0.20593620836734772,
    0.23017776012420654,
    0.2001379132270813,
    0.45054179430007935,
    0.07997021079063416,
    0.20980481803417206,
    0.25548267364501953,
    0.10033844411373138,
    0.19523197412490845,
    0.21799078583717346,
    0.3002510666847229,
    0.23013938963413239,
    -0.0033000116236507893,
    0.42801204323768616,
    0.23068305850028992,
    0.19432242214679718,
    0.19095560908317566,
    -0.022884167730808258,
    0.07249415665864944,
    0.0643344298005104,
    0.375063419342041,
    0.4920675456523895,
    0.20997396111488342,
    0.2428358495235443,
    0.6099452376365662,
    0.40263742208480835,
    0.5399459600448608,
    0.2416345328092575,
    0.3689501881599426,
    0.5189261436462402,
    0.3203810155391693,
    0.3472437858581543,
    0.3021388649940491,
    0.30638387799263,
    0.2518790066242218,
    0.22960753738880157,
    0.04871998727321625,
    0.30356162786483765,
    0.3204978108406067,
    -0.020989662036299706,
    0.0,
    0.2579243779182434,
    0.12549719214439392,
    0.31822770833969116,
    0.18344514071941376,
    0.24154633283615112,
    -0.06100710481405258,
    0.618654191493988,
    0.3542329967021942,
    0.06465767323970795,
    0.4291612505912781,
    0.09680533409118652,
    0.23561637103557587,
    0.13155214488506317,
    0.24475190043449402
  ],
  [
    0.14096948504447937,
    0.11474797129631042,
    0.060001686215400696,
    0.07586609572172165,
    -0.10560282319784164,
    0.4101027548313141,
    0.021967943757772446,
    0.11887654662132263,
    0.6018314957618713,
    -0.015573449432849884,
    1.0,
    0.32179689407348633,
    0.12070852518081665,
    -0.10833892226219177,
    0.015667591243982315,
    0.260602205991745,
    0.04941016808152199,
    0.016607336699962616,
    0.43797627091407776,
    0.2091696709394455,
    -0.0010194837814196944,
    0.23950915038585663,
    0.16990450024604797,
    0.12482640147209167,
    0.12106982618570328,
    0.21576038002967834,
    0.01053285226225853,
    0.5305917859077454,
    0.38254162669181824,
    0.046482156962156296,
    0.4797045886516571,
    0.15722788870334625,
    0.1435524821281433,
    -0.01784595288336277,
    0.1337079107761383,
    0.6857977509498596,
    -0.011229870840907097,
    0.06907777488231659,
    0.3571782112121582,
    0.07140912860631943,
    0.4750783443450928,
    0.5015639662742615,
    0.45468848943710327,
    0.006801340263336897,
    0.05829676613211632,
    0.05470588058233261,
    0.1767466962337494,
    0.008335239253938198,
    0.0537787489593029,
    -0.08329503983259201,
    0.12448606640100479,
    0.22454971075057983,
    0.10500887781381607,
    -0.03429016098380089,
    -0.04858395829796791,
    0.03799271211028099,
    0.19069579243659973,
    -0.12234032899141312,
    0.43220055103302,
    0.47920387983322144,
    0.03025972470641136,
    0.344421923160553,
    0.5182706117630005,
    0.0,
    -0.059691548347473145,
    0.15586690604686737,
    0.07284251600503922,
    0.12023717910051346,
    0.43579772114753723,
    0.22650471329689026,
    -0.0771065279841423,
    -0.0669148862361908,
    0.5001676678657532,
    -0.043821413069963455,
    0.33109068870544434,
    0.46487095952033997,
    0.0006059923907741904,
    0.1340543031692505
  ],
  [
    0.09619864821434021,
    0.020650263875722885,
    -0.04915720596909523,
    -0.06381077319383621,
    -0.07670003920793533,
    0.4143822491168976,
    -0.13975058495998383,
    0.05879417806863785,
    0.2674528658390045,
    -0.09954487532377243,
    0.32179689407348633,
    1.0,
    0.19226667284965515,
    -0.15318873524665833,
    -0.05941149964928627,
    0.23098699748516083,
    0.11837192624807358,
    -0.08815419673919678,
    0.1597726196050644,
    0.14100196957588196,
    -0.019646789878606796,
    0.22794198989868164,
    0.22903816401958466,
    0.023901313543319702,
    -0.041789401322603226,
    -0.03843233734369278,
    0.005732468329370022,
    0.2565974295139313,
    0.1636015921831131,
    -0.12048079818487167,
    0.2414591759443283,
    0.007682659663259983,
    -0.13859741389751434,
    -0.033435653895139694,
    -0.09467444568872452,
    0.2453695684671402,
    -0.08040905743837357,
    -0.041929762810468674,
    0.1490759700536728,
    0.1360388845205307,
    0.30053916573524475,
    0.20303334295749664,
    0.4199443459510803,
    -0.07825317978858948,
    -0.01385169755667448,
    -0.09711483865976334,
    -0.008755827322602272,
    -0.06350839883089066,
    -0.038537703454494476,
    -0.09479580074548721,
    -0.015402193181216717,
    0.18113334476947784,
    -0.06493600457906723,
    -0.01699424721300602,
    -0.06460710614919662,
    -0.08379362523555756,
    0.0717710554599762,
    -0.03059636615216732,
    0.1935599148273468,
    0.2029752880334854,
    -0.08979234844446182,
    0.17768846452236176,
    0.03637585788965225,
    0.0,
    -0.09321875125169754,
    0.08533230423927307,
    -0.12259723246097565,
    0.012092288583517075,
    0.185816690325737,
    0.1272200644016266,
    -0.16106626391410828,
    -0.09859120100736618,
    0.26090195775032043,
    -0.08927936851978302,
    0.09485733509063721,
    0.28814104199409485,
    -0.042698271572589874,
    0.019718654453754425
  ],
  [
    -0.0061723217368125916,
    0.06615644693374634,
    -0.04069609194993973,
    0.04243073612451553,
    0.04826682060956955,
    0.30458539724349976,
    -0.03208174556493759,
    0.10102061927318573,
    0.2945358455181122,
    0.08418606221675873,
    0.12070852518081665,
    0.19226667284965515,
    1.0,
    -0.06135990470647812,
    -0.04857543483376503,
    0.3857525885105133,
    0.09888520836830139,
    0.048016488552093506,
    0.0563289076089859,
    0.10759883373975754,
    0.10088182985782623,
    0.10276971757411957,
    0.1969381868839264,
    0.010372070595622063,
    0.016987305134534836,
    0.06404800713062286,
    0.13886700570583344,
    0.10186567902565002,
    0.1902163028717041,
    -0.05099711939692497,
    0.2946924865245819,
    -0.011775270104408264,
    0.10058115422725677,
    0.009266501292586327,
    -0.04561292380094528,
    0.27395620942115784,
    0.0023997114039957523,
    -0.05373363196849823,
    0.08252459764480591,
    0.2938457131385803,
    0.0917477086186409,
    0.24621260166168213,
    0.2398250699043274,
    -0.010911810211837292,
    0.05581454932689667,
    -0.0504598431289196,
    -0.009622332639992237,
    0.17285819351673126,
    0.06461258232593536,
    0.04154369607567787,
    0.08502214401960373,
    0.06400354951620102,
    0.060485027730464935,
    0.025264106690883636,
    -0.026082554832100868,
    -0.004381278064101934,
    0.05993238091468811,
    -0.022271761670708656,
    0.10891061276197433,
    0.23310518264770508,
    -0.026168057695031166,
    0.0652528926730156,
    0.18537455797195435,
    0.0,
    -0.0305926650762558,
    0.14181120693683624,
    -0.03866212069988251,
    0.029684869572520256,
    0.1650913506746292,
    0.08983749151229858,
    0.008376959711313248,
    -0.047047823667526245,
    0.2053871601819992,
    0.03562552109360695,
    0.12310922890901566,
    0.16725896298885345,
    -0.07450814545154572,
    0.06280061602592468
  ],
  [
    0.22013762593269348,
    0.2679722309112549,
    0.3015226423740387,
    0.3026663064956665,
    0.3232056498527527,
    -0.06164830923080444,
    0.21509923040866852,
    0.3484569489955902,
    -0.09962458163499832,
    0.39943376183509827,
    -0.10833892226219177,
    -0.15318873524665833,
    -0.06135990470647812,
    1.0,
    0.29403406381607056,
    0.12917979061603546,
    0.13876858353614807,
    0.30897507071495056,
    0.18372033536434174,
    0.2181262969970703,
    0.32280686497688293,
    0.2860827147960663,
    0.053226910531520844,
    0.26437804102897644,
    0.2697223126888275,
    0.19125430285930634,
    0.3027835786342621,
    0.0035821867641061544,
    0.1429091840982437,
    0.15991483628749847,
    0.04317658394575119,
    0.2622947096824646,
    0.10014227777719498,
    0.2934334874153137,
    0.19977791607379913,
    -0.09349437057971954,
    0.3484497666358948,
    0.2635672390460968,
    0.20045721530914307,
    0.027716264128684998,
    -0.04913804680109024,
    0.02822125516831875,
    0.04865077883005142,
    0.25546011328697205,
    0.3801686465740204,
    0.2683767080307007,
    0.21788987517356873,
    0.3898090720176697,
    0.21703745424747467,
    0.30068105459213257,
    0.27793002128601074,
    0.30222877860069275,
    0.3866744637489319,
    0.18584702908992767,
    0.28628477454185486,
    0.3658008575439453,
    0.271549791097641,
    0.23239769041538239,
    0.2179461419582367,
    0.006367324385792017,
    0.3519570231437683,
    0.2225150167942047,
    -0.0562780387699604,
    0.0,
    0.19534656405448914,
    0.12627844512462616,
    0.19858454167842865,
    0.184936061501503,
    0.11028166860342026,
    0.11876547336578369,
    0.2753092646598816,
    0.31543099880218506,
    -0.02381451427936554,
    0.30690863728523254,
    0.08676555007696152,
    0.12725767493247986,
    0.15171797573566437,
    0.1660686582326889
  ],
  [
    0.36263662576675415,
    0.25701653957366943,
    0.37273067235946655,
    0.5327351689338684,
    0.32238033413887024,
    0.12022095173597336,
    0.1379072368144989,
    0.3255801498889923,
    -0.027918396517634392,
    0.2494664490222931,
    0.015667591243982315,
    -0.05941149964928627,
    -0.04857543483376503,
    0.29403406381607056,
    1.0,
    0.2678668200969696,
    0.23827914893627167,
    0.3786765933036804,
    0.21122170984745026,
    0.10267795622348785,
    0.5696092844009399,
    0.3597166836261749,
    0.13853155076503754,
    0.6329581141471863,
    0.4371351897716522,
    0.30373966693878174,
    0.2385815680027008,
    0.12658445537090302,
    0.23056967556476593,
    0.13897410035133362,
    0.13440342247486115,
    0.3964581787586212,
    0.1477929651737213,
    0.25378936529159546,
    0.17709624767303467,
    0.04697587713599205,
    0.3885208070278168,
    0.08329823613166809,
    0.26739606261253357,
    0.0856466293334961,
    0.20656107366085052,
    0.18949058651924133,
    0.17122477293014526,
    0.5074021816253662,
    0.42437559366226196,
    0.49792590737342834,
    0.2512533664703369,
    0.21009406447410583,
    0.25765642523765564,
    0.36768731474876404,
    0.35285744071006775,
    0.36330485343933105,
    0.421807199716568,
    0.23029270768165588,
    0.3088518977165222,
    0.504804790019989,
    0.4027522802352905,
    0.31601473689079285,
    0.2856425642967224,
    0.04678213968873024,
    0.5677635669708252,
    0.22874343395233154,
    -0.000186963559826836,
    0.0,
    0.3854043483734131,
    0.10880523920059204,
    0.317110151052475,
    0.3639593720436096,
    0.19224148988723755,
    0.06835193186998367,
    0.15864558517932892,
    0.49712178111076355,
    0.03565671667456627,
    0.4720287024974823,
    0.22145043313503265,
    0.11041867733001709,
    0.1371711790561676,
    0.19162997603416443
  ],
  [
    0.5086086392402649,
    0.3444429934024811,
    0.2712295651435852,
    0.38932567834854126,
    0.21204084157943726,
    0.5515942573547363,
    0.1461576372385025,
    0.4646758437156677,
    0.47481676936149597,
    0.2362271100282669,
    0.260602205991745,
    0.23098699748516083,
    0.3857525885105133,
    0.12917979061603546,
    0.2678668200969696,
    1.0,
    0.39385324716567993,
    0.39113494753837585,
    0.502219021320343,
    0.41274869441986084,
    0.37101665139198303,
    0.5342507362365723,
    0.26188603043556213,
    0.3713454306125641,
    0.34540247917175293,
    0.40503379702568054,
    0.3608337938785553,
    0.3955106735229492,
    0.6046789288520813,
    0.13495145738124847,
    0.6480636596679688,
    0.26935240626335144,
    0.16574032604694366,
    0.20545923709869385,
    0.21345630288124084,
    0.45269453525543213,
    0.29366451501846313,
    0.14817367494106293,
    0.582239031791687,
    0.2053012251853943,
    0.3977776765823364,
    0.5595325827598572,
    0.5585096478462219,
    0.3387413024902344,
    0.39928433299064636,
    0.2760080099105835,
    0.22021298110485077,
    0.2851454019546509,
    0.21117044985294342,
    0.20869044959545135,
    0.4048043191432953,
    0.5930556058883667,
    0.4555661380290985,
    0.22301270067691803,
    0.26998406648635864,
    0.29260799288749695,
    0.5488355159759521,
    0.21001388132572174,
    0.5675967931747437,
    0.40304461121559143,
    0.29342517256736755,
    0.4916282892227173,
    0.13632307946681976,
    0.0,
    0.27442821860313416,
    0.3739810585975647,
    0.1804327815771103,
    0.4551841616630554,
    0.5209604501724243,
    0.026748202741146088,
    0.12997967004776,
    0.34033459424972534,
    0.4940720200538635,
    0.252596914768219,
    0.4643944203853607,
    0.5381768941879272,
    0.18839327991008759,
    0.32110488414764404
  ],
  [
    0.2217632383108139,
    0.2612367272377014,
    0.16988345980644226,
    0.35531434416770935,
    0.28443676233291626,
    0.2721197009086609,
    0.16600298881530762,
    0.4701074957847595,
    0.12480415403842926,
    0.2219545543193817,
    0.04941016808152199,
    0.11837192624807358,
    0.09888520836830139,
    0.13876858353614807,
    0.23827914893627167,
    0.39385324716567993,
    1.0,
    0.25653642416000366,
    0.3313259780406952,
    0.2157880961894989,
    0.5256974697113037,
    0.4722098410129547,
    0.5289198756217957,
    0.28844964504241943,
    0.22176340222358704,
    0.1425592005252838,
    0.46053293347358704,
    0.26858729124069214,
    0.37003999948501587,
    0.062191661447286606,
    0.30535849928855896,
    0.13533535599708557,
    0.13314960896968842,
    0.2482948899269104,
    0.2870585322380066,
    0.12199186533689499,
    0.21311992406845093,
    0.16497288644313812,
    0.2739180326461792,
    0.32677629590034485,
    0.10926295816898346,
    0.2028125673532486,
    0.4428752362728119,
    0.22808273136615753,
    0.2345113903284073,
    0.169423907995224,
    0.2708914577960968,
    0.14519169926643372,
    0.20676544308662415,
    0.1657220423221588,
    0.3072665333747864,
    0.4923843741416931,
    0.3549483120441437,
    0.22513744235038757,
    0.14716506004333496,
    0.16292694211006165,
    0.30327415466308594,
    0.18080739676952362,
    0.34217336773872375,
    0.1691165566444397,
    0.18367427587509155,
    0.21799997985363007,
    -0.04540899768471718,
    0.0,
    0.1643781214952469,
    0.17593006789684296,
    0.23003236949443817,
    0.3124306797981262,
    0.2657637298107147,
    -0.08231978118419647,
    0.15211790800094604,
    0.25551292300224304,
    0.10907626897096634,
    0.20036867260932922,
    0.1460866928100586,
    0.2484237402677536,
    0.39621904492378235,
    0.2670166492462158
  ],
  [
    0.5324478149414062,
    0.40266549587249756,
    0.6833698153495789,
    0.6943286657333374,
    0.540764570236206,
    0.07020572572946548,
    0.15745100378990173,
    0.5341153144836426,
    0.10270928591489792,
    0.4875190854072571,
    0.016607336699962616,
    -0.08815419673919678,
    0.048016488552093506,
    0.30897507071495056,
    0.3786765933036804,
    0.39113494753837585,
    0.25653642416000366,
    1.0,
    0.4026802182197571,
    0.3090817630290985,
    0.49968498945236206,
    0.40414419770240784,
    0.0896974503993988,
    0.5291178226470947,
    0.6724240183830261,
    0.4848427176475525,
    0.4403808116912842,
    0.12314599752426147,
    0.370355486869812,
    0.24166850745677948,
    0.32465890049934387,
    0.5757011771202087,
    0.12739288806915283,
    0.24288327991962433,
    0.14311103522777557,
    0.19059611856937408,
    0.6996892094612122,
    0.17966054379940033,
    0.43082818388938904,
    0.17597021162509918,
    0.08568708598613739,
    0.32477062940597534,
    0.22383210062980652,
    0.6372023820877075,
    0.7659130096435547,
    0.3497821092605591,
    0.22203636169433594,
    0.2519359886646271,
    0.5110815763473511,
    0.45539426803588867,
    0.622835636138916,
    0.5841516852378845,
    0.6031687259674072,
    0.21888065338134766,
    0.714404284954071,
    0.6193287968635559,
    0.5139315128326416,
    0.37565886974334717,
    0.3677957057952881,
    0.1278512328863144,
    0.6891709566116333,
    0.39754152297973633,
    -0.02325112372636795,
    0.0,
    0.6217414736747742,
    0.47606417536735535,
    0.4209609627723694,
    0.6064411997795105,
    0.27516451478004456,
    -0.02019520290195942,
    0.3861839771270752,
    0.6774840354919434,
    0.17659802734851837,
    0.26151254773139954,
    0.37885424494743347,
    0.3075404167175293,
    0.12050282955169678,
    0.27095827460289
  ],
  [
    0.4841986298561096,
    0.24650311470031738,
    0.32809823751449585,
    0.4031985402107239,
    0.14717049896717072,
    0.44526761770248413,
    0.11197172850370407,
    0.3564130663871765,
    0.4488144516944885,
    0.269206702709198,
    0.43797627091407776,
    0.1597726196050644,
    0.0563289076089859,
    0.18372033536434174,
    0.21122170984745026,
    0.502219021320343,
    0.3313259780406952,
    0.4026802182197571,
    1.0,
    0.3972003161907196,
    0.3354596197605133,
    0.3679962754249573,
    0.16076472401618958,
    0.4326632022857666,
    0.37659716606140137,
    0.4375768005847931,
    0.3715338706970215,
    0.4749642610549927,
    0.5763469934463501,
    0.4031839370727539,
    0.4985898733139038,
    0.3360730707645416,
    0.38299742341041565,
    0.20415012538433075,
    0.37510550022125244,
    0.5597010254859924,
    0.3260315954685211,
    0.32540735602378845,
    0.5797593593597412,
    0.14168904721736908,
    0.3597485423088074,
    0.5902013778686523,
    0.48972517251968384,
    0.23530542850494385,
    0.37991371750831604,
    0.14455635845661163,
    0.5615208745002747,
    0.13639186322689056,
    0.2694070041179657,
    0.17157243192195892,
    0.38854822516441345,
    0.4825075566768646,
    0.43219882249832153,
    0.14099109172821045,
    0.35085737705230713,
    0.2917468547821045,
    0.49499183893203735,
    0.17514541745185852,
    0.6668857932090759,
    0.4899110794067383,
    0.30506396293640137,
    0.5977786779403687,
    0.32590171694755554,
    0.0,
    0.29696282744407654,
    0.3191295564174652,
    0.5071128606796265,
    0.5270748138427734,
    0.6782036423683167,
    0.01931762509047985,
    0.18078480660915375,
    0.33139365911483765,
    0.475818395614624,
    0.1795584112405777,
    0.5215845704078674,
    0.5780340433120728,
    0.12667085230350494,
    0.3016509413719177
  ],
  [
    0.38974815607070923,
    0.32578521966934204,
    0.19055406749248505,
    0.2691265046596527,
    0.23069804906845093,
    0.13195334374904633,
    0.2801515460014343,
    0.3378889560699463,
    0.1439817249774933,
    0.34326210618019104,
    0.2091696709394455,
    0.14100196957588196,
    0.10759883373975754,
    0.2181262969970703,
    0.10267795622348785,
    0.41274869441986084,
    0.2157880961894989,
    0.3090817630290985,
    0.3972003161907196,
    1.0,
    0.23226816952228546,
    0.40137165784835815,
    0.12448787689208984,
    0.21663539111614227,
    0.27662450075149536,
    0.23366479575634003,
    0.37166735529899597,
    0.25603726506233215,
    0.4084111750125885,
    0.18412329256534576,
    0.3024199604988098,
    0.22962912917137146,
    0.12824085354804993,
    0.30602601170539856,
    0.2670736610889435,
    0.1911354511976242,
    0.22193095088005066,
    0.3439718782901764,
    0.4320964515209198,
    0.045756999403238297,
    0.15027838945388794,
    0.30727195739746094,
    0.326566219329834,
    0.27748289704322815,
    0.31210413575172424,
    0.2160637229681015,
    0.20508882403373718,
    0.29829683899879456,
    0.12308857589960098,
    0.3511527180671692,
    0.27452242374420166,
    0.4592556059360504,
    0.33696985244750977,
    0.33198484778404236,
    0.25606411695480347,
    0.25384849309921265,
    0.35584113001823425,
    0.1934644877910614,
    0.48330628871917725,
    0.20271651446819305,
    0.22449438273906708,
    0.46048182249069214,
    0.11477258056402206,
    0.0,
    0.17659810185432434,
    0.22310131788253784,
    0.2179117649793625,
    0.297728031873703,
    0.4571076035499573,
    0.02018706500530243,
    0.33163926005363464,
    0.26135045289993286,
    0.18182004988193512,
    0.24413903057575226,
    0.24875038862228394,
    0.526574969291687,
    0.1216854527592659,
    0.3142754137516022
  ],
  [
    0.4017409384250641,
    0.270850270986557,
    0.4323762059211731,
    0.7590363025665283,
    0.5727310180664062,
    0.15631809830665588,
    0.17006690800189972,
    0.5116099715232849,
    0.05302879214286804,
    0.34968361258506775,
    -0.0010194837814196944,
    -0.019646789878606796,
    0.10088182985782623,
    0.32280686497688293,
    0.5696092844009399,
    0.37101665139198303,
    0.5256974697113037,
    0.49968498945236206,
    0.3354596197605133,
    0.23226816952228546,
    1.0,
    0.5205263495445251,
    0.3519760072231293,
    0.6440156102180481,
    0.46273162961006165,
